 7868209
 2504803 7106712 9466678
  192710
 4049021 2513178  227124 5206431 3446703 2741956 5610321 1400394 5438560 5219157 8570772
 4997743
 4193700 7442805 2491681
 2392766
 3200648 9105008 1648329 2455327 1983196 7158927 9678247 7694316  807073 4599248 2572618
 7770455
 5838826 9503000 4380999
 3222887
 5324050 2563588  455398 5049763 6962385  912189 9071197  309147 1520364 9815203 6204117
 2987665
 3613246 4809688 2978468
 2851873
 9241936 6289024 7550314 7138923 7227577  698370 4868345  888608 7596220 4238172 5969826
  864162
 2729610 6238076 2221351
 2254476
 4341403 9873070 2109895 8532147 2841143 8363654 3667193 9351474 8599048 4909108  220785
 3621171
 7364449 5193706 4229523
  290329
 9092417 1121795 9801663 6878287 4873307 7359083 5886693 5284518 4556445 8283034 8703920
 4914899
 9695304 8887959 1382646
 4365506
 3439108 1189274 5482448 7590257  324015 1016073 5869281 6950378 7918235 8499867 8752810
 6054906
 9535640 9908648 8670708
 6441113
 6046544 9126892 4669982  791417 9043332 8273464 1473112 8071703 6688703 1386476 6723329
 8324258
 9568644 6297484 3557255
 3232243
  633180 2805402 2569844  875155  736188 1006677 1306904 6278862 3119759 9512908 9728352
 2017247
 7261200 6762854 5671790
 7183579
 2101367 7465708 7489432 8942017 1168819 6542661  265524 2857514 6118370 3657014 2811675
 7112302
 8687262 1224786 8870043
 5953841
 7950936 5671723 9885839 9627498 5062959 7933897 7195411 4021877 1160031 8313806 3410874
 8119226
 2366145 9341616 4581052
 8528596
 7497900 3696654 6443925 5897999 8432617   57061 1865862 2971227 3386890 7259606 9945636
 9018565
 7670285 1288125 2793160
 1283720
 8888377 8057946 4007969 5273637 2971751 9176668 8127849 5178313 6001638 8338231 4779255
 3291632
 5922496 8261419 4670291
 2665635
 8074998 1279225 3677245  195538 1240182 1617712 4348416 6916807  859535 9871392 6189036
 3711760
 2366738 1589373  368732
  994404
 6839439 9521254 7871045 2357883 3640097 3629985 9341417 9988653 2009863 5527954 6973823
 6921140
  861154 3583448 2863321
  943200
 9436065 4721905 5197625 1520756 3874342  989368 1652894 5839372 4734517 6494108 5444454
 3160601
 9318778 9899077 7771370
 2251788
 7909526  439639 3843380 6699197 3010895 3215215 1137238 6909413 3301896 7987663 7827751
   71777
 7518912 3996886 4204773
 2057047
 7002655 7762933 1413055 1700875 7485766 7715152 9135802 5596474 1254061 7565309 3115537
 7251759
 3702675   44374  951238
 7454149
 6028229 8156619 2004136 8322822  555533 1294932 3725241 9606909 5738249 5907952 5238555
  941685
 2774054 9153034 5691058
 1041380
 4143541 6135732  742729 3673568 1870515 5096300 4280712 7753912  152459 5219546  561425
  509636
 6970866 1140063  634438
 3561159
 5310078 1985866 6367693 2931878 5277708 2344151 4899041 5808792 1883445 3140936 7207549
 3953515
 5901327 5794436 9376728
 7404092
 2422264 5195234 1138855 2079178 6336062 1400933 1184149 9628990 5909505 9721317 8023385
 8800382
  923788 1567344 9799878
 1281010
 3200758 9088743 4747605 2009505 8109239 5217253 5582562 3072310 3701846 5682736 7286323
 6547637
 3112073 7542997 9112155
 9986288
 8933270 7796262 6934813 3588938 6518928    3277 9090521 5590256  390328 3491811 5352709
 8621125
 4097074 9555401 4929110
 8412775
  163063 7460417 1689785 2549311 7810721 9716186 4049787 1986552 9555182 8324314 2574563
 6082839
 2569628 9007935 5327931
 4871191
 7903219 5968014 8780281 5814171 2494213  781676 1028086 3597109 4012129 8714407 5968283
 7408874
  504178 4282216 4244869
 2973815
 9243652 3946617 5768799 6851646 6679400 5479678 8805874 4631745 6111985 5878553 8009125
  303705
 3168306 6651699 4640394
 6612775
 5493565 5039318 5881494 9769438 5505251 5705187 9032920  523649 4817915 8518817  909838
 5991365
 7887524 1117870 4965848
  221698
 8705049 1934828 5058069  637688 6083945 5042673 5784791 2221654 4663757 2762023 9742747
 9244136
  857646 6511905 8761096
 1377896
 2469394 4572221 6189338 2634581 2146755  450919 8312226 8779454 6287259 3048545 6243830
 2240827
 3182906  915761 6850243
 8044137
  282852 1561486 4537999 8067446  718276 8183654 2396755 7809192 2016718  221840 5207580
 5000251
  103248 6622785 1325658
 2511474
 7147499 3137267 5580868 2271985 2326665 8877374 4675076 8299173 5094305 3657581 7498800
 3805246
 5424214 2247021 2359789
 4864758
  237955 1184638 4589756 6565385 6408201 5897120 6375511 2268680 9936880  600217   43034
 4967470
 1800764 2002371 3295646
 6180562
 1982040  940730 2191584 6891175 5150121 8293210 5316010 5768425 9466568 2393307 8051690
 8282603
 3487675 1800809 6174907
 6250224
 5599286 8905891 9718053  382358 4393885 8366695 2013791 2936951 4253891 4350410 1211127
 8695844
 5448560 7985804 5052640
 8127727
 2265783 4850515 7977117 1418899 2611901 1953089 7957701 3986908  245672 8554899 6505363
 8126413
 7542571 7726111  830818
 5574549
 9391977 8581293 4131721 5790835 1001474 1662223 7932924 8307314 7929459 7770955 6683740
 7820171
 2692655 6145683 5037809
 9865478
 1754540 1983917 2811239  987145 2766560 8769221 8510704 3756260 4187552 8254499 5644247
 1487272
 4292299 4984532 4429334
 1534261
 3986555 9559612 4616054 3154452 4627831 1583038 2280174 8386496 4568733 3136890 8428128
 6683954
 3012737 9637963 9494447
 9642962
 9297134   52303 2922880 7216407  115286 9227407 6145522 4955599 8490684 4261221 7534745
 7254045
 8071120 4820614 8187702
 2960455
  998681 2387887 7573973 9392344 8182036 1104289 8813448 5741230 5155576 7781930 9610203
 3172597
 8292222 8230764 9038072
 7572643
 5034986 4445954 3738584 9669402 9872849 7366846 5978703 3672332 6599134 6964958 4623432
  769520
 7999766 3197296 4279970
 6760347
  868429 8183493 4986860 1632797 6610520 1981897 1266351 8051685  531366 8572631  429127
 3983710
 8273639 8296055 4567534
 8566021
 7629715 6102633 7265697 3592056 7959055 2413341 3103255 8116447 6224072 9352151  996624
  654520
 4918755 7501849 2721565
  699211
 8713870 1544239 3238316 1664973 6986759 2784781 3716561 7323507 1684926 6260005 4460565
  301435
  700158 6637584  151171
 8575623
 9252766 9804620  171120 1602301 7472414  699360 8995061 9139128  486698 7340438  587445
  751679
 8306348 9324678  204566
  489925
 3207630 7821058 3964221 8785055 1299882 4213003 2509346 5862344  965659 4362771 7765769
  166563
 9805786 3380489 2480662
 6452271
 6215772  715725 3875729 9315246 5688961 8322114 3679294 2527682 4963461 8747159 9922648
 5104765
 7896089  849480 3444831
 9676708
 5778776 9497461 6330725  953232 8668551 6079645 6511461 5663395 1249842 8697676 6626694
 8934921
 5943199 9404964 6895862
 8823463
 5285210 2644660 1949752  677825 3692029 1950692 6642879 6779805 3024803 5299697 1332701
 4525678
 3860458 6629497 9235831
 2429029
 1114198 1082239 8819891 1131650 8578621 1391976  386098 4842997 7364485  470179 4111091
 1830975
 9173149 8749996 6617741
  892392
  871171 7211807 6823925 7582426 2706450 3937522 2818848 4912211 7806392 3114260 5579624
  933125
 9017969 6319019 2009162
 7106484
 8555777 8971813 4636177 5140682 5242918 5905185 8684092 4497483 9724651 3396170 1003559
 4473487
  151044 9369866 1039530
 2273671
 3281411 9665380 9290596 6885644 8593188 8364178  592269 6147139 3213580 8564892 4206378
 3595143
  795336 4680656  881118
 6081187
 4675942 9376395 8459892  900996 9284565 4530154 1040013 1285089 8558358 2962299 6193640
 3572998
 5138979 8225180 4202757
 9983122
 9369388 6697803  344312 2925306 1925993 7680576 6845226 8543139  881963 5047230 3385703
 3808077
 1858039 1590508 1166182
 6255704
 7440516 4065197 5578682 3580495 8571286 1231592 1948481 9296772 4705060 7361094 3844455
 2051883
 2296438 4612360 3957532
 6713872
 6772330 3965410 4512958 2823911 1441139 2883368 8985708 5456166 2283488 8120900 9084317
 1256684
 6012163 2414748 8734873
 3404638
 5222247 2191864 3045245 3185810 6658196 6255601 3808908 1788507 6708121 3663978 8561151
 9490589
 6609228 7463071 3354293
  311835
 2136623 6786374 2612249 1603720 2030600 5311470 8426066  263760 5742487 3452967 4883111
 9641607
 8003598 9776251 8975619
 1321209
 5519901   40996 3321600 6079566 6731162  839240 5795160 5915111 9265356 7129708 6488094
 3947290
 9152214 8945887 1872665
 3205362
 2889478 4581793 3369304 5412019  831487 6111269  481478 6830513 5657126 2674081 8221826
 3467725
 7702749 3565460  649214
 9534299
 8199837   31266 5525733